     0 9.9081   9.81
      0  9.9081 9.80923
     0 9.9081 9.8069
      0  9.9081 9.80303
      0  9.9081 9.79761
      0  9.9081 9.79064
      0  9.9081 9.78213
      0  9.9081 9.77207
      0  9.9081 9.76047
      0  9.9081 9.74733
      0  9.9081 9.73265
      0  9.9081 9.71643
      0  9.9081 9.69867
      0  9.9081 9.67939
      0  9.9081 9.65858
      0  9.9081 9.63624
      0  9.9081 9.61238
     0 9.9081  9.587
      0  9.9081 9.56011
      0  9.9081 9.53171
     0 9.9081 9.5018
      0  9.9081 9.47039
      0  9.9081 9.43749
     0 9.9081 9.4031
      0  9.9081 9.36722
      0  9.9081 9.32986
      0  9.9081 9.29103
      0  9.9081 9.25074
      0  9.9081 9.20898
      0  9.9081 9.16577
      0  9.9081 9.12111
      0  9.9081 9.07501
      0  9.9081 9.02747
      0  9.9081 8.97852
      0  9.9081 8.92814
      0  9.9081 8.87635
      0  9.9081 8.82317
      0  9.9081 8.76858
      0  9.9081 8.71262
      0  9.9081 8.65528
      0  9.9081 8.59657
     0 9.9081 8.5365
      0  9.9081 8.47509
      0  9.9081 8.41234
      0  9.9081 8.34826
      0  9.9081 8.28286
      0  9.9081 8.21615
      0  9.9081 8.14815
      0  9.9081 8.07885
      0  9.9081 8.00829
      0  9.9081 7.93646
      0  9.9081 7.86337
      0  9.9081 7.78905
      0  9.9081 7.71349
      0  9.9081 7.63672
      0  9.9081 7.55873
      0  9.9081 7.47956
      0  9.9081 7.39921
      0  9.9081 7.31768
     0 9.9081  7.235
      0  9.9081 7.15118
      0  9.9081 7.06623
      0  9.9081 6.98016
     0 9.9081  6.893
      0  9.9081 6.80474
      0  9.9081 6.71541
      0  9.9081 6.62501
      0  9.9081 6.53358
      0  9.9081 6.44111
      0  9.9081 6.34762
      0  9.9081 6.25313
      0  9.9081 6.15765
     0 9.9081 6.0612
     0 9.9081 5.9638
      0  9.9081 5.86545
      0  9.9081 5.76617
      0  9.9081 5.66599
      0  9.9081 5.56491
      0  9.9081 5.46295
      0  9.9081 5.36013
      0  9.9081 5.25646
      0  9.9081 5.15196
      0  9.9081 5.04665
      0  9.9081 4.94054
      0  9.9081 4.83366
     0 9.9081  4.726
      0  9.9081 4.61761
      0  9.9081 4.50848
      0  9.9081 4.39864
      0  9.9081 4.28811
      0  9.9081 4.17689
      0  9.9081 4.06502
      0  9.9081 3.95251
      0  9.9081 3.83938
      0  9.9081 3.72563
     0 9.9081 3.6113
     0 9.9081 3.4964
      0  9.9081 3.38095
      0  9.9081 3.26496
      0  9.9081 3.14846
      0  9.9081 3.03146
      0  9.9081 2.91398
      0  9.9081 2.79604
      0  9.9081 2.67766
      0  9.9081 2.55886
      0  9.9081 2.43965
      0  9.9081 2.32006
     0 9.9081 2.2001
      0  9.9081 2.07979
      0  9.9081 1.95915
      0  9.9081 1.83821
      0  9.9081 1.71698
      0  9.9081 1.59547
      0  9.9081 1.47371
      0  9.9081 1.35172
      0  9.9081 1.22952
      0  9.9081 1.10712
       0   9.9081 0.984548
      0  9.9081 0.86182
       0   9.9081 0.738956
       0   9.9081 0.615975
       0   9.9081 0.492897
       0   9.9081 0.369741
       0   9.9081 0.246526
       0   9.9081 0.123273
           0       9.9081 -4.38715e-14
        0    9.9081 -0.123273
        0    9.9081 -0.246526
        0    9.9081 -0.369741
        0    9.9081 -0.492897
        0    9.9081 -0.615975
        0    9.9081 -0.738956
       0   9.9081 -0.86182
        0    9.9081 -0.984548
       0   9.9081 -1.10712
       0   9.9081 -1.22952
       0   9.9081 -1.35172
       0   9.9081 -1.47371
       0   9.9081 -1.59547
       0   9.9081 -1.71698
       0   9.9081 -1.83821
       0   9.9081 -1.95915
       0   9.9081 -2.07979
      0  9.9081 -2.2001
       0   9.9081 -2.32006
       0   9.9081 -2.43965
       0   9.9081 -2.55886
       0   9.9081 -2.67766
       0   9.9081 -2.79604
       0   9.9081 -2.91398
       0   9.9081 -3.03146
       0   9.9081 -3.14846
       0   9.9081 -3.26496
       0   9.9081 -3.38095
      0  9.9081 -3.4964
      0  9.9081 -3.6113
       0   9.9081 -3.72563
       0   9.9081 -3.83938
       0   9.9081 -3.95251
       0   9.9081 -4.06502
       0   9.9081 -4.17689
       0   9.9081 -4.28811
       0   9.9081 -4.39864
       0   9.9081 -4.50848
       0   9.9081 -4.61761
     0 9.9081 -4.726
       0   9.9081 -4.83366
       0   9.9081 -4.94054
       0   9.9081 -5.04665
       0   9.9081 -5.15196
       0   9.9081 -5.25646
       0   9.9081 -5.36013
       0   9.9081 -5.46295
       0   9.9081 -5.56491
       0   9.9081 -5.66599
       0   9.9081 -5.76617
       0   9.9081 -5.86545
      0  9.9081 -5.9638
      0  9.9081 -6.0612
       0   9.9081 -6.15765
       0   9.9081 -6.25313
       0   9.9081 -6.34762
       0   9.9081 -6.44111
       0   9.9081 -6.53358
       0   9.9081 -6.62501
       0   9.9081 -6.71541
       0   9.9081 -6.80474
     0 9.9081 -6.893
       0   9.9081 -6.98016
       0   9.9081 -7.06623
       0   9.9081 -7.15118
     0 9.9081 -7.235
       0   9.9081 -7.31768
       0   9.9081 -7.39921
       0   9.9081 -7.47956
       0   9.9081 -7.55873
       0   9.9081 -7.63672
       0   9.9081 -7.71349
       0   9.9081 -7.78905
       0   9.9081 -7.86337
       0   9.9081 -7.93646
       0   9.9081 -8.00829
       0   9.9081 -8.07885
       0   9.9081 -8.14815
       0   9.9081 -8.21615
       0   9.9081 -8.28286
       0   9.9081 -8.34826
       0   9.9081 -8.41234
       0   9.9081 -8.47509
      0  9.9081 -8.5365
       0   9.9081 -8.59657
       0   9.9081 -8.65528
       0   9.9081 -8.71262
       0   9.9081 -8.76858
       0   9.9081 -8.82317
       0   9.9081 -8.87635
       0   9.9081 -8.92814
       0   9.9081 -8.97852
       0   9.9081 -9.02747
       0   9.9081 -9.07501
       0   9.9081 -9.12111
       0   9.9081 -9.16577
       0   9.9081 -9.20898
       0   9.9081 -9.25074
       0   9.9081 -9.29103
       0   9.9081 -9.32986
       0   9.9081 -9.36722
      0  9.9081 -9.4031
       0   9.9081 -9.43749
       0   9.9081 -9.47039
      0  9.9081 -9.5018
       0   9.9081 -9.53171
       0   9.9081 -9.56011
     0 9.9081 -9.587
       0   9.9081 -9.61238
       0   9.9081 -9.63624
       0   9.9081 -9.65858
       0   9.9081 -9.67939
       0   9.9081 -9.69867
       0   9.9081 -9.71643
       0   9.9081 -9.73265
       0   9.9081 -9.74733
       0   9.9081 -9.76047
       0   9.9081 -9.77207
       0   9.9081 -9.78213
       0   9.9081 -9.79064
       0   9.9081 -9.79761
       0   9.9081 -9.80303
      0  9.9081 -9.8069
       0   9.9081 -9.80923
     0 9.9081  -9.81
