       0  10.0062 -6.93672  6.93672
       0  10.0062 -6.96446  6.93672
       0  10.0062 -6.99221  6.93672
       0  10.0062 -7.01996  6.93672
       0  10.0062 -7.04771  6.93672
       0  10.0062 -7.07545  6.93672
      0 10.0062 -7.1032 6.93672
       0  10.0062 -7.13095  6.93672
       0  10.0062 -7.15869  6.93672
       0  10.0062 -7.18644  6.93672
       0  10.0062 -7.21419  6.93672
       0  10.0062 -7.24193  6.93672
       0  10.0062 -7.26968  6.93672
       0  10.0062 -7.29743  6.93672
       0  10.0062 -7.32517  6.93672
       0  10.0062 -7.35292  6.93672
       0  10.0062 -7.38067  6.93672
       0  10.0062 -7.40841  6.93672
       0  10.0062 -7.43616  6.93672
       0  10.0062 -7.46391  6.93672
       0  10.0062 -7.49165  6.93672
      0 10.0062 -7.5194 6.93672
       0  10.0062 -7.54715  6.93672
      0 10.0062 -7.5749 6.93672
       0  10.0062 -7.60264  6.93672
       0  10.0062 -7.63039  6.93672
       0  10.0062 -7.65814  6.93672
       0  10.0062 -7.68588  6.93672
       0  10.0062 -7.71363  6.93672
       0  10.0062 -7.74138  6.93672
       0  10.0062 -7.76912  6.93672
       0  10.0062 -7.79687  6.93672
       0  10.0062 -7.82462  6.93672
       0  10.0062 -7.85236  6.93672
       0  10.0062 -7.88011  6.93672
       0  10.0062 -7.90786  6.93672
      0 10.0062 -7.9356 6.93672
       0  10.0062 -7.96335  6.93672
      0 10.0062 -7.9911 6.93672
       0  10.0062 -8.01885  6.93672
       0  10.0062 -8.04659  6.93672
       0  10.0062 -8.07434  6.93672
       0  10.0062 -8.10209  6.93672
       0  10.0062 -8.12983  6.93672
       0  10.0062 -8.15758  6.93672
       0  10.0062 -8.18533  6.93672
       0  10.0062 -8.21307  6.93672
       0  10.0062 -8.24082  6.93672
       0  10.0062 -8.26857  6.93672
       0  10.0062 -8.29631  6.93672
       0  10.0062 -8.32406  6.93672
       0  10.0062 -8.35181  6.93672
       0  10.0062 -8.37955  6.93672
      0 10.0062 -8.4073 6.93672
       0  10.0062 -8.43505  6.93672
      0 10.0062 -8.4628 6.93672
       0  10.0062 -8.49054  6.93672
       0  10.0062 -8.51829  6.93672
       0  10.0062 -8.54604  6.93672
       0  10.0062 -8.57378  6.93672
       0  10.0062 -8.60153  6.93672
       0  10.0062 -8.62928  6.93672
       0  10.0062 -8.65702  6.93672
       0  10.0062 -8.68477  6.93672
       0  10.0062 -8.71252  6.93672
       0  10.0062 -8.74026  6.93672
       0  10.0062 -8.76801  6.93672
       0  10.0062 -8.79576  6.93672
      0 10.0062 -8.8235 6.93672
       0  10.0062 -8.85125  6.93672
      0 10.0062  -8.879 6.93672
       0  10.0062 -8.90675  6.93672
       0  10.0062 -8.93449  6.93672
       0  10.0062 -8.96224  6.93672
       0  10.0062 -8.98999  6.93672
       0  10.0062 -9.01773  6.93672
       0  10.0062 -9.04548  6.93672
       0  10.0062 -9.07323  6.93672
       0  10.0062 -9.10097  6.93672
       0  10.0062 -9.12872  6.93672
       0  10.0062 -9.15647  6.93672
       0  10.0062 -9.18421  6.93672
       0  10.0062 -9.21196  6.93672
       0  10.0062 -9.23971  6.93672
       0  10.0062 -9.26745  6.93672
      0 10.0062 -9.2952 6.93672
       0  10.0062 -9.32295  6.93672
      0 10.0062 -9.3507 6.93672
       0  10.0062 -9.37844  6.93672
       0  10.0062 -9.40619  6.93672
       0  10.0062 -9.43394  6.93672
       0  10.0062 -9.46168  6.93672
       0  10.0062 -9.48943  6.93672
       0  10.0062 -9.51718  6.93672
       0  10.0062 -9.54492  6.93672
       0  10.0062 -9.57267  6.93672
       0  10.0062 -9.60042  6.93672
       0  10.0062 -9.62816  6.93672
       0  10.0062 -9.65591  6.93672
       0  10.0062 -9.68366  6.93672
      0 10.0062 -9.7114 6.93672
       0  10.0062 -9.73915  6.93672
      0 10.0062 -9.7669 6.93672
       0  10.0062 -9.79465  6.93672
       0  10.0062 -9.82239  6.93672
       0  10.0062 -9.85014  6.93672
       0  10.0062 -9.87789  6.93672
       0  10.0062 -9.90563  6.93672
       0  10.0062 -9.93338  6.93672
       0  10.0062 -9.96113  6.93672
       0  10.0062 -9.98887  6.93672
       0  10.0062 -10.0166  6.93672
       0  10.0062 -10.0444  6.93672
       0  10.0062 -10.0721  6.93672
       0  10.0062 -10.0999  6.93672
       0  10.0062 -10.1276  6.93672
       0  10.0062 -10.1554  6.93672
       0  10.0062 -10.1831  6.93672
       0  10.0062 -10.2108  6.93672
       0  10.0062 -10.2386  6.93672
       0  10.0062 -10.2663  6.93672
       0  10.0062 -10.2941  6.93672
       0  10.0062 -10.3218  6.93672
       0  10.0062 -10.3496  6.93672
       0  10.0062 -10.3773  6.93672
       0  10.0062 -10.4051  6.93672
       0  10.0062 -10.4328  6.93672
       0  10.0062 -10.4606  6.93672
       0  10.0062 -10.4883  6.93672
       0  10.0062 -10.5161  6.93672
       0  10.0062 -10.5438  6.93672
       0  10.0062 -10.5716  6.93672
       0  10.0062 -10.5993  6.93672
       0  10.0062 -10.6271  6.93672
       0  10.0062 -10.6548  6.93672
       0  10.0062 -10.6825  6.93672
       0  10.0062 -10.7103  6.93672
      0 10.0062 -10.738 6.93672
       0  10.0062 -10.7658  6.93672
       0  10.0062 -10.7935  6.93672
       0  10.0062 -10.8213  6.93672
      0 10.0062 -10.849 6.93672
       0  10.0062 -10.8768  6.93672
       0  10.0062 -10.9045  6.93672
       0  10.0062 -10.9323  6.93672
      0 10.0062  -10.96 6.93672
       0  10.0062 -10.9878  6.93672
       0  10.0062 -11.0155  6.93672
       0  10.0062 -11.0433  6.93672
      0 10.0062 -11.071 6.93672
       0  10.0062 -11.0987  6.93672
       0  10.0062 -11.1265  6.93672
       0  10.0062 -11.1542  6.93672
      0 10.0062 -11.182 6.93672
       0  10.0062 -11.2097  6.93672
       0  10.0062 -11.2375  6.93672
       0  10.0062 -11.2652  6.93672
      0 10.0062 -11.293 6.93672
       0  10.0062 -11.3207  6.93672
       0  10.0062 -11.3485  6.93672
       0  10.0062 -11.3762  6.93672
      0 10.0062 -11.404 6.93672
       0  10.0062 -11.4317  6.93672
       0  10.0062 -11.4595  6.93672
       0  10.0062 -11.4872  6.93672
      0 10.0062 -11.515 6.93672
       0  10.0062 -11.5427  6.93672
       0  10.0062 -11.5704  6.93672
       0  10.0062 -11.5982  6.93672
       0  10.0062 -11.6259  6.93672
       0  10.0062 -11.6537  6.93672
       0  10.0062 -11.6814  6.93672
       0  10.0062 -11.7092  6.93672
       0  10.0062 -11.7369  6.93672
       0  10.0062 -11.7647  6.93672
       0  10.0062 -11.7924  6.93672
       0  10.0062 -11.8202  6.93672
       0  10.0062 -11.8479  6.93672
       0  10.0062 -11.8757  6.93672
       0  10.0062 -11.9034  6.93672
       0  10.0062 -11.9312  6.93672
       0  10.0062 -11.9589  6.93672
       0  10.0062 -11.9866  6.93672
       0  10.0062 -12.0144  6.93672
       0  10.0062 -12.0421  6.93672
       0  10.0062 -12.0699  6.93672
       0  10.0062 -12.0976  6.93672
       0  10.0062 -12.1254  6.93672
       0  10.0062 -12.1531  6.93672
       0  10.0062 -12.1809  6.93672
       0  10.0062 -12.2086  6.93672
       0  10.0062 -12.2364  6.93672
       0  10.0062 -12.2641  6.93672
       0  10.0062 -12.2919  6.93672
       0  10.0062 -12.3196  6.93672
       0  10.0062 -12.3474  6.93672
       0  10.0062 -12.3751  6.93672
       0  10.0062 -12.4029  6.93672
       0  10.0062 -12.4306  6.93672
       0  10.0062 -12.4583  6.93672
       0  10.0062 -12.4861  6.93672
       0  10.0062 -12.5138  6.93672
       0  10.0062 -12.5416  6.93672
       0  10.0062 -12.5693  6.93672
       0  10.0062 -12.5971  6.93672
       0  10.0062 -12.6248  6.93672
       0  10.0062 -12.6526  6.93672
       0  10.0062 -12.6803  6.93672
       0  10.0062 -12.7081  6.93672
       0  10.0062 -12.7358  6.93672
       0  10.0062 -12.7636  6.93672
       0  10.0062 -12.7913  6.93672
       0  10.0062 -12.8191  6.93672
       0  10.0062 -12.8468  6.93672
       0  10.0062 -12.8745  6.93672
       0  10.0062 -12.9023  6.93672
      0 10.0062  -12.93 6.93672
       0  10.0062 -12.9578  6.93672
       0  10.0062 -12.9855  6.93672
       0  10.0062 -13.0133  6.93672
      0 10.0062 -13.041 6.93672
       0  10.0062 -13.0688  6.93672
       0  10.0062 -13.0965  6.93672
       0  10.0062 -13.1243  6.93672
      0 10.0062 -13.152 6.93672
       0  10.0062 -13.1798  6.93672
       0  10.0062 -13.2075  6.93672
       0  10.0062 -13.2353  6.93672
      0 10.0062 -13.263 6.93672
       0  10.0062 -13.2908  6.93672
       0  10.0062 -13.3185  6.93672
       0  10.0062 -13.3462  6.93672
      0 10.0062 -13.374 6.93672
       0  10.0062 -13.4017  6.93672
       0  10.0062 -13.4295  6.93672
       0  10.0062 -13.4572  6.93672
      0 10.0062 -13.485 6.93672
       0  10.0062 -13.5127  6.93672
       0  10.0062 -13.5405  6.93672
       0  10.0062 -13.5682  6.93672
      0 10.0062 -13.596 6.93672
       0  10.0062 -13.6237  6.93672
       0  10.0062 -13.6515  6.93672
       0  10.0062 -13.6792  6.93672
      0 10.0062 -13.707 6.93672
       0  10.0062 -13.7347  6.93672
       0  10.0062 -13.7624  6.93672
       0  10.0062 -13.7902  6.93672
       0  10.0062 -13.8179  6.93672
       0  10.0062 -13.8457  6.93672
       0  10.0062 -13.8734  6.93672
